llc_references,llc_misses,instructions,cycles,stall_cycles,intra_coh,inter_coh,wall_cycles,llc_size,local_mem,remote_mem
15710308.0,4429788.0,4278102227.0,3137603292.0,1088881478.0,211466.0,0.0,663186512,40370176,865533952,13565952
15710308.0,4429788.0,4278102227.0,3137603292.0,1088881478.0,211466.0,0.0,663186512,40370176,865533952,13565952
26128604.0,9492390.0,3074749572.0,2362725276.0,977100174.0,5194257.0,8.0,419995623,40566784,958070784,38076416
26128604.0,9492390.0,3074749572.0,2362725276.0,977100174.0,5194257.0,8.0,419995623,40566784,958070784,38076416
14125496.0,897732.0,1065028877.0,1278397980.0,705854594.0,7601427.0,0.0,419993262,40304640,136052736,5832704
14125496.0,897732.0,1065028877.0,1278397980.0,705854594.0,7601427.0,0.0,419993262,40304640,136052736,5832704
14035414.0,887460.0,1066413528.0,1263951881.0,691528774.0,7496939.0,0.0,420136065,40435712,145817600,6619136
14035414.0,887460.0,1066413528.0,1263951881.0,691528774.0,7496939.0,0.0,420136065,40435712,145817600,6619136
26158371.0,6740271.0,1482982836.0,1530108424.0,800526599.0,7141497.0,1.0,419914929,40894464,345309184,11206656
26158371.0,6740271.0,1482982836.0,1530108424.0,800526599.0,7141497.0,1.0,419914929,40894464,345309184,11206656
42710673.0,22644775.0,2077238533.0,1539133445.0,651063835.0,2117621.0,4.0,420000690,40894464,1350828032,21495808
42710673.0,22644775.0,2077238533.0,1539133445.0,651063835.0,2117621.0,4.0,420000690,40894464,1350828032,21495808
23188425.0,7834847.0,1418429877.0,1243582041.0,570896984.0,4650099.0,3.0,419885231,40697856,400818176,8978432
23188425.0,7834847.0,1418429877.0,1243582041.0,570896984.0,4650099.0,3.0,419885231,40697856,400818176,8978432
8780525.0,5321661.0,758502399.0,504611424.0,159114073.0,199583.0,0.0,419908111,40828928,523567104,3735552
8780525.0,5321661.0,758502399.0,504611424.0,159114073.0,199583.0,0.0,419908111,40828928,523567104,3735552
7766929.0,4596768.0,793197889.0,504485830.0,150281813.0,113609.0,8.0,419884548,40894464,548864000,6160384
7766929.0,4596768.0,793197889.0,504485830.0,150281813.0,113609.0,8.0,419884548,40894464,548864000,6160384
11338723.0,5803456.0,978195275.0,704784592.0,254961730.0,1906624.0,0.0,419866455,40697856,564854784,14811136
11338723.0,5803456.0,978195275.0,704784592.0,254961730.0,1906624.0,0.0,419866455,40697856,564854784,14811136
20950691.0,6605043.0,1707770328.0,1411270126.0,633040174.0,6349376.0,7.0,419953839,40763392,494338048,11927552
20950691.0,6605043.0,1707770328.0,1411270126.0,633040174.0,6349376.0,7.0,419953839,40763392,494338048,11927552
17053234.0,5623869.0,1285871619.0,1181393405.0,564269785.0,5505466.0,4.0,419911173,40828928,397410304,18022400
17053234.0,5623869.0,1285871619.0,1181393405.0,564269785.0,5505466.0,4.0,419911173,40828928,397410304,18022400
7211408.0,4036594.0,208359191.0,146527636.0,62668652.0,4500.0,10.0,420028749,40763392,276758528,0
7211408.0,4036594.0,208359191.0,146527636.0,62668652.0,4500.0,10.0,420028749,40763392,276758528,0
10169121.0,3863044.0,758748532.0,594301377.0,265756365.0,1485196.0,14.0,419911074,40894464,394854400,5636096
10169121.0,3863044.0,758748532.0,594301377.0,265756365.0,1485196.0,14.0,419911074,40894464,394854400,5636096
20890015.0,6401877.0,1634075324.0,1395569440.0,650315340.0,6579584.0,7.0,419874681,40828928,359202816,17498112
20890015.0,6401877.0,1634075324.0,1395569440.0,650315340.0,6579584.0,7.0,419874681,40828928,359202816,17498112
7963511.0,5459288.0,396852363.0,303756892.0,134580794.0,220284.0,17.0,420034203,40763392,370606080,8126464
7963511.0,5459288.0,396852363.0,303756892.0,134580794.0,220284.0,17.0,420034203,40763392,370606080,8126464
10413463.0,4831383.0,559030993.0,400487351.0,168463040.0,377644.0,4.0,419916023,40828928,404946944,3407872
10413463.0,4831383.0,559030993.0,400487351.0,168463040.0,377644.0,4.0,419916023,40828928,404946944,3407872
8827702.0,5549928.0,604237449.0,497875938.0,221490104.0,1142428.0,13.0,419948515,40894464,340787200,5832704
8827702.0,5549928.0,604237449.0,497875938.0,221490104.0,1142428.0,13.0,419948515,40894464,340787200,5832704
4175700.0,2496703.0,143828690.0,109675355.0,48393910.0,4419.0,14.0,420016506,40894464,221249536,2949120
4175700.0,2496703.0,143828690.0,109675355.0,48393910.0,4419.0,14.0,420016506,40894464,221249536,2949120
6379226.0,3894981.0,228734412.0,172196182.0,75893860.0,8367.0,17.0,419602013,41615360,276299776,9306112
6379226.0,3894981.0,228734412.0,172196182.0,75893860.0,8367.0,17.0,419602013,41615360,276299776,9306112
7672992.0,4540874.0,280239501.0,211513020.0,91423867.0,12077.0,14.0,420008638,41680896,324403200,393216
7672992.0,4540874.0,280239501.0,211513020.0,91423867.0,12077.0,14.0,420008638,41680896,324403200,393216
6482893.0,3677533.0,235321946.0,183596297.0,83443576.0,4288.0,20.0,420041181,41484288,315883520,2031616
6482893.0,3677533.0,235321946.0,183596297.0,83443576.0,4288.0,20.0,420041181,41484288,315883520,2031616
5174074.0,3404555.0,225623553.0,174732320.0,76483074.0,9894.0,14.0,419874294,41549824,273416192,4128768
5174074.0,3404555.0,225623553.0,174732320.0,76483074.0,9894.0,14.0,419874294,41549824,273416192,4128768
10579155.0,6491129.0,806626619.0,614174285.0,261901157.0,276957.0,11.0,419942033,41615360,506855424,14090240
10579155.0,6491129.0,806626619.0,614174285.0,261901157.0,276957.0,11.0,419942033,41615360,506855424,14090240
8955635.0,6429277.0,503418887.0,393061774.0,169077219.0,97674.0,18.0,419869098,41746432,448200704,7929856
8955635.0,6429277.0,503418887.0,393061774.0,169077219.0,97674.0,18.0,419869098,41746432,448200704,7929856
8254973.0,4896485.0,286518948.0,220654393.0,98206107.0,7954.0,21.0,420010537,41549824,324337664,3801088
8254973.0,4896485.0,286518948.0,220654393.0,98206107.0,7954.0,21.0,420010537,41549824,324337664,3801088
6740875.0,3965811.0,292038954.0,218702726.0,95850527.0,57828.0,26.0,419987183,41549824,291700736,8192000
6740875.0,3965811.0,292038954.0,218702726.0,95850527.0,57828.0,26.0,419987183,41549824,291700736,8192000
7924450.0,4091185.0,283041978.0,217782588.0,98716557.0,10332.0,16.0,419768783,41615360,352059392,0
7924450.0,4091185.0,283041978.0,217782588.0,98716557.0,10332.0,16.0,419768783,41615360,352059392,0
7436183.0,4868876.0,262414889.0,196186017.0,86412794.0,8194.0,14.0,420035772,41484288,346685440,5373952
7436183.0,4868876.0,262414889.0,196186017.0,86412794.0,8194.0,14.0,420035772,41484288,346685440,5373952
9141451.0,4951524.0,429012214.0,326638210.0,146084209.0,35456.0,14.0,419984227,41680896,428015616,5111808
9141451.0,4951524.0,429012214.0,326638210.0,146084209.0,35456.0,14.0,419984227,41680896,428015616,5111808
7107115.0,5102387.0,294928646.0,221458174.0,95589546.0,21448.0,6.0,419807332,41484288,326434816,5308416
7107115.0,5102387.0,294928646.0,221458174.0,95589546.0,21448.0,6.0,419807332,41484288,326434816,5308416
6170779.0,3670544.0,209203511.0,164917803.0,73676594.0,6298.0,36.0,420070190,41615360,315031552,9175040
6170779.0,3670544.0,209203511.0,164917803.0,73676594.0,6298.0,36.0,420070190,41615360,315031552,9175040
6333411.0,3789850.0,220658844.0,169161495.0,76267355.0,10871.0,10.0,419990073,41549824,294715392,0
6333411.0,3789850.0,220658844.0,169161495.0,76267355.0,10871.0,10.0,419990073,41549824,294715392,0
7309419.0,4177136.0,273552130.0,214596653.0,101864379.0,37822.0,21.0,420066675,41615360,304611328,2883584
7309419.0,4177136.0,273552130.0,214596653.0,101864379.0,37822.0,21.0,420066675,41615360,304611328,2883584
7128000.0,3919712.0,243856837.0,189134718.0,87020888.0,6184.0,11.0,420075006,41549824,289996800,655360
7128000.0,3919712.0,243856837.0,189134718.0,87020888.0,6184.0,11.0,420075006,41549824,289996800,655360
6680124.0,3732712.0,261736515.0,198283442.0,87475856.0,7456.0,12.0,419753031,41615360,274268160,6750208
6680124.0,3732712.0,261736515.0,198283442.0,87475856.0,7456.0,12.0,419753031,41615360,274268160,6750208
6547517.0,4303953.0,281839970.0,211175426.0,93491564.0,10623.0,34.0,420103860,41746432,260505600,0
6547517.0,4303953.0,281839970.0,211175426.0,93491564.0,10623.0,34.0,420103860,41746432,260505600,0
7304144.0,4748314.0,247174047.0,191271087.0,85891534.0,7294.0,21.0,419781717,41615360,278724608,1966080
7304144.0,4748314.0,247174047.0,191271087.0,85891534.0,7294.0,21.0,419781717,41615360,278724608,1966080
5417878.0,3010393.0,177045433.0,135045001.0,62004990.0,4070.0,18.0,419993002,41680896,199098368,1114112
5417878.0,3010393.0,177045433.0,135045001.0,62004990.0,4070.0,18.0,419993002,41680896,199098368,1114112
5885008.0,3949985.0,212274486.0,164637692.0,77459388.0,5640.0,14.0,420200393,41549824,262799360,7929856
5885008.0,3949985.0,212274486.0,164637692.0,77459388.0,5640.0,14.0,420200393,41549824,262799360,7929856
8302189.0,5407192.0,276872214.0,212368439.0,96997604.0,6942.0,16.0,419975952,41615360,362151936,0
8302189.0,5407192.0,276872214.0,212368439.0,96997604.0,6942.0,16.0,419975952,41615360,362151936,0
5195597.0,3229938.0,190380571.0,141897825.0,61136177.0,3935.0,23.0,419860741,41353216,243204096,720896
5195597.0,3229938.0,190380571.0,141897825.0,61136177.0,3935.0,23.0,419860741,41353216,243204096,720896
5506721.0,3418319.0,263036071.0,195239605.0,86946692.0,45266.0,21.0,419977761,41549824,268566528,3080192
5506721.0,3418319.0,263036071.0,195239605.0,86946692.0,45266.0,21.0,419977761,41549824,268566528,3080192
7217573.0,4341097.0,244301154.0,186644326.0,83379062.0,4609.0,17.0,419945596,41615360,323682304,7340032
7217573.0,4341097.0,244301154.0,186644326.0,83379062.0,4609.0,17.0,419945596,41615360,323682304,7340032
6215988.0,3697338.0,280647503.0,212448375.0,93694570.0,17409.0,19.0,419778744,41549824,249954304,0
6215988.0,3697338.0,280647503.0,212448375.0,93694570.0,17409.0,19.0,419778744,41549824,249954304,0
5922324.0,3422006.0,345420135.0,262209029.0,114111624.0,77348.0,11.0,420108444,41484288,285736960,524288
5922324.0,3422006.0,345420135.0,262209029.0,114111624.0,77348.0,11.0,420108444,41484288,285736960,524288
7334763.0,3816021.0,252158626.0,196804807.0,90307259.0,10518.0,13.0,419920746,41484288,275775488,3407872
7334763.0,3816021.0,252158626.0,196804807.0,90307259.0,10518.0,13.0,419920746,41484288,275775488,3407872
4799396.0,2844822.0,154385878.0,121690168.0,57422993.0,6595.0,29.0,419780908,41484288,217382912,0
4799396.0,2844822.0,154385878.0,121690168.0,57422993.0,6595.0,29.0,419780908,41484288,217382912,0
7524915.0,4708232.0,280928097.0,215968684.0,94604690.0,10617.0,17.0,419985813,41418752,362086400,12582912
7524915.0,4708232.0,280928097.0,215968684.0,94604690.0,10617.0,17.0,419985813,41418752,362086400,12582912
6361902.0,3965274.0,250838376.0,194602862.0,88344414.0,11393.0,25.0,420108847,41615360,318308352,0
6361902.0,3965274.0,250838376.0,194602862.0,88344414.0,11393.0,25.0,420108847,41615360,318308352,0
4158228.0,2681197.0,223470980.0,172167923.0,73889485.0,3477.0,15.0,419894244,41615360,204800000,6291456
4158228.0,2681197.0,223470980.0,172167923.0,73889485.0,3477.0,15.0,419894244,41615360,204800000,6291456
7430171.0,5247119.0,283366066.0,219413169.0,97770031.0,4022.0,24.0,419777029,41615360,329252864,0
7430171.0,5247119.0,283366066.0,219413169.0,97770031.0,4022.0,24.0,419777029,41615360,329252864,0
5513982.0,2848154.0,190137781.0,140068856.0,63280954.0,4888.0,32.0,420118230,41222144,177274880,1769472
5513982.0,2848154.0,190137781.0,140068856.0,63280954.0,4888.0,32.0,420118230,41222144,177274880,1769472
5056508.0,3641356.0,204355984.0,161703101.0,73260796.0,3994.0,5.0,419968507,41615360,241369088,9109504
5056508.0,3641356.0,204355984.0,161703101.0,73260796.0,3994.0,5.0,419968507,41615360,241369088,9109504
3952933.0,1955111.0,129176736.0,96301890.0,43606379.0,4765.0,13.0,419814519,41615360,150798336,0
3952933.0,1955111.0,129176736.0,96301890.0,43606379.0,4765.0,13.0,419814519,41615360,150798336,0
6040885.0,3868636.0,213783787.0,155360604.0,69530402.0,3242.0,19.0,419989845,41484288,257490944,0
6040885.0,3868636.0,213783787.0,155360604.0,69530402.0,3242.0,19.0,419989845,41484288,257490944,0
6609543.0,3938944.0,209984667.0,157193111.0,70461543.0,5280.0,14.0,419761410,41680896,239861760,2490368
6609543.0,3938944.0,209984667.0,157193111.0,70461543.0,5280.0,14.0,419761410,41680896,239861760,2490368
6196993.0,3450839.0,190469538.0,146039270.0,66102947.0,2779.0,32.0,420218339,41549824,254803968,7143424
6196993.0,3450839.0,190469538.0,146039270.0,66102947.0,2779.0,32.0,420218339,41549824,254803968,7143424
7068167.0,3910090.0,260340622.0,197569872.0,86392614.0,6713.0,17.0,419822753,41615360,286588928,0
7068167.0,3910090.0,260340622.0,197569872.0,86392614.0,6713.0,17.0,419822753,41615360,286588928,0
7016022.0,4053337.0,227196073.0,180833654.0,85965287.0,5172.0,23.0,419953916,41615360,313262080,5111808
7016022.0,4053337.0,227196073.0,180833654.0,85965287.0,5172.0,23.0,419953916,41615360,313262080,5111808
6942117.0,4180695.0,246055395.0,191464446.0,88523341.0,8400.0,15.0,419958871,41287680,275251200,655360
6942117.0,4180695.0,246055395.0,191464446.0,88523341.0,8400.0,15.0,419958871,41287680,275251200,655360
6099674.0,3354651.0,224619333.0,177400197.0,82223532.0,11734.0,19.0,420003514,41615360,279707648,5505024
6099674.0,3354651.0,224619333.0,177400197.0,82223532.0,11734.0,19.0,420003514,41615360,279707648,5505024
6780809.0,4008196.0,253978787.0,196406488.0,90504065.0,6310.0,40.0,419898962,41615360,305528832,2031616
6780809.0,4008196.0,253978787.0,196406488.0,90504065.0,6310.0,40.0,419898962,41615360,305528832,2031616
5413379.0,3329515.0,216806175.0,170775267.0,77900488.0,13630.0,12.0,419856171,41484288,280428544,3801088
5413379.0,3329515.0,216806175.0,170775267.0,77900488.0,13630.0,12.0,419856171,41484288,280428544,3801088
7680971.0,4719402.0,263027498.0,216462391.0,101998238.0,14237.0,11.0,420131726,41680896,352452608,4390912
7680971.0,4719402.0,263027498.0,216462391.0,101998238.0,14237.0,11.0,420131726,41680896,352452608,4390912
5821552.0,3520635.0,206735997.0,161066337.0,74171305.0,5807.0,15.0,419767642,41484288,270401536,0
5821552.0,3520635.0,206735997.0,161066337.0,74171305.0,5807.0,15.0,419767642,41484288,270401536,0
6853168.0,4142836.0,201636233.0,161671747.0,75029954.0,6434.0,17.0,420141512,41746432,287899648,2686976
6853168.0,4142836.0,201636233.0,161671747.0,75029954.0,6434.0,17.0,420141512,41746432,287899648,2686976
6239995.0,3410769.0,222408199.0,172235473.0,78126212.0,4939.0,26.0,419898773,41549824,305528832,10551296
6239995.0,3410769.0,222408199.0,172235473.0,78126212.0,4939.0,26.0,419898773,41549824,305528832,10551296
5291810.0,3608117.0,187731138.0,142326637.0,64466918.0,5267.0,18.0,419780844,41484288,208011264,0
5291810.0,3608117.0,187731138.0,142326637.0,64466918.0,5267.0,18.0,419780844,41484288,208011264,0
5782847.0,3384844.0,185921013.0,144373781.0,63010515.0,5808.0,18.0,420100849,41549824,221642752,0
5782847.0,3384844.0,185921013.0,144373781.0,63010515.0,5808.0,18.0,420100849,41549824,221642752,0
8349359.0,5192542.0,259232925.0,199852325.0,91457567.0,6891.0,19.0,419960849,41549824,326369280,1572864
8349359.0,5192542.0,259232925.0,199852325.0,91457567.0,6891.0,19.0,419960849,41549824,326369280,1572864
4899420.0,3354324.0,180902912.0,139123399.0,63069521.0,3230.0,7.0,419884500,41484288,213647360,4194304
4899420.0,3354324.0,180902912.0,139123399.0,63069521.0,3230.0,7.0,419884500,41484288,213647360,4194304
6119325.0,3839895.0,198008859.0,155134686.0,74051617.0,4928.0,19.0,419851390,41615360,270270464,0
6119325.0,3839895.0,198008859.0,155134686.0,74051617.0,4928.0,19.0,419851390,41615360,270270464,0
5260723.0,3288019.0,166560433.0,130172704.0,60991552.0,3106.0,21.0,419834485,41615360,246218752,2949120
5260723.0,3288019.0,166560433.0,130172704.0,60991552.0,3106.0,21.0,419834485,41615360,246218752,2949120
7539261.0,4468039.0,251697337.0,194979103.0,90596772.0,6250.0,22.0,419973799,41615360,322306048,11730944
7539261.0,4468039.0,251697337.0,194979103.0,90596772.0,6250.0,22.0,419973799,41615360,322306048,11730944
3523863.0,1956565.0,136137643.0,102128844.0,46607718.0,3579.0,13.0,419933948,41549824,158859264,0
3523863.0,1956565.0,136137643.0,102128844.0,46607718.0,3579.0,13.0,419933948,41549824,158859264,0
6637979.0,3759998.0,196452885.0,147658170.0,67647535.0,5692.0,11.0,419886593,41484288,252772352,7143424
6637979.0,3759998.0,196452885.0,147658170.0,67647535.0,5692.0,11.0,419886593,41484288,252772352,7143424
6746031.0,3914204.0,222461981.0,167199721.0,75401666.0,3795.0,32.0,419968444,40960000,302055424,262144
6746031.0,3914204.0,222461981.0,167199721.0,75401666.0,3795.0,32.0,419968444,40960000,302055424,262144
6815667.0,3788150.0,226512436.0,172845117.0,78318293.0,6746.0,35.0,420169757,41484288,254083072,196608
6815667.0,3788150.0,226512436.0,172845117.0,78318293.0,6746.0,35.0,420169757,41484288,254083072,196608
6845758.0,4075245.0,227947217.0,170988498.0,76491096.0,5832.0,19.0,419757443,41484288,276168704,1572864
6845758.0,4075245.0,227947217.0,170988498.0,76491096.0,5832.0,19.0,419757443,41484288,276168704,1572864
4594539.0,2954351.0,162154994.0,123008606.0,53536891.0,5289.0,17.0,420076265,41615360,188743680,983040
4594539.0,2954351.0,162154994.0,123008606.0,53536891.0,5289.0,17.0,420076265,41615360,188743680,983040
4555346.0,2620752.0,131692839.0,95774720.0,42661376.0,3552.0,17.0,419783280,41549824,164036608,589824
4555346.0,2620752.0,131692839.0,95774720.0,42661376.0,3552.0,17.0,419783280,41549824,164036608,589824
5918896.0,3641674.0,205370381.0,154406657.0,67840503.0,7795.0,12.0,420188706,41353216,238092288,3670016
5918896.0,3641674.0,205370381.0,154406657.0,67840503.0,7795.0,12.0,420188706,41353216,238092288,3670016
4659481.0,2836608.0,158836645.0,120782035.0,54327384.0,2466.0,20.0,419902084,41615360,165019648,589824
4659481.0,2836608.0,158836645.0,120782035.0,54327384.0,2466.0,20.0,419902084,41615360,165019648,589824
7124538.0,4549233.0,236312672.0,180381315.0,81231253.0,4631.0,19.0,420037963,41680896,262144000,2293760
7124538.0,4549233.0,236312672.0,180381315.0,81231253.0,4631.0,19.0,420037963,41680896,262144000,2293760
4678056.0,2635553.0,143999584.0,109523541.0,50619492.0,3056.0,26.0,419968862,41287680,168296448,5505024
4678056.0,2635553.0,143999584.0,109523541.0,50619492.0,3056.0,26.0,419968862,41287680,168296448,5505024
7141673.0,4296675.0,230915445.0,172119794.0,75070755.0,3667.0,13.0,419885335,41549824,246415360,0
7141673.0,4296675.0,230915445.0,172119794.0,75070755.0,3667.0,13.0,419885335,41549824,246415360,0
6136850.0,3693669.0,199008177.0,153742626.0,73162501.0,5455.0,12.0,419995308,41287680,248905728,3538944
6136850.0,3693669.0,199008177.0,153742626.0,73162501.0,5455.0,12.0,419995308,41287680,248905728,3538944
6450022.0,3775632.0,204077704.0,152640206.0,67541530.0,4873.0,19.0,419920821,41549824,225705984,2752512
6450022.0,3775632.0,204077704.0,152640206.0,67541530.0,4873.0,19.0,419920821,41549824,225705984,2752512
5978880.0,3252994.0,189237512.0,148082834.0,66589648.0,4375.0,31.0,420034800,41615360,215220224,393216
5978880.0,3252994.0,189237512.0,148082834.0,66589648.0,4375.0,31.0,420034800,41615360,215220224,393216
5292705.0,3942505.0,204375846.0,147563473.0,64675343.0,4136.0,12.0,419918202,41418752,191889408,1769472
5292705.0,3942505.0,204375846.0,147563473.0,64675343.0,4136.0,12.0,419918202,41418752,191889408,1769472
7296258.0,3982829.0,217975451.0,166470770.0,76143509.0,6193.0,33.0,419909926,41746432,254410752,1310720
7296258.0,3982829.0,217975451.0,166470770.0,76143509.0,6193.0,33.0,419909926,41746432,254410752,1310720
6443408.0,3945500.0,214599973.0,159458639.0,73228346.0,8891.0,8.0,419912402,41484288,264044544,6750208
6443408.0,3945500.0,214599973.0,159458639.0,73228346.0,8891.0,8.0,419912402,41484288,264044544,6750208
8169206.0,4827352.0,271262374.0,208526002.0,94849001.0,10411.0,20.0,420057281,41680896,325976064,0
8169206.0,4827352.0,271262374.0,208526002.0,94849001.0,10411.0,20.0,420057281,41680896,325976064,0
5372315.0,3782354.0,189299387.0,142868608.0,64395427.0,5085.0,29.0,419989843,41615360,231407616,1900544
5372315.0,3782354.0,189299387.0,142868608.0,64395427.0,5085.0,29.0,419989843,41615360,231407616,1900544
5652466.0,3445587.0,181756225.0,143253643.0,65410028.0,3846.0,4.0,419731655,41615360,261488640,2621440
5652466.0,3445587.0,181756225.0,143253643.0,65410028.0,3846.0,4.0,419731655,41615360,261488640,2621440
8755925.0,5225546.0,286745179.0,212682532.0,95999055.0,8170.0,17.0,420181825,41549824,357695488,4456448
8755925.0,5225546.0,286745179.0,212682532.0,95999055.0,8170.0,17.0,420181825,41549824,357695488,4456448
5048158.0,3257328.0,192412380.0,141690118.0,62046553.0,3481.0,12.0,419922202,41222144,253952000,786432
5048158.0,3257328.0,192412380.0,141690118.0,62046553.0,3481.0,12.0,419922202,41222144,253952000,786432
6532594.0,3820363.0,205520054.0,155626333.0,71924471.0,5918.0,21.0,419805253,41680896,279576576,2228224
6532594.0,3820363.0,205520054.0,155626333.0,71924471.0,5918.0,21.0,419805253,41680896,279576576,2228224
3722049.0,2914451.0,141908827.0,106013894.0,48513391.0,2490.0,25.0,420106596,41680896,187039744,589824
3722049.0,2914451.0,141908827.0,106013894.0,48513391.0,2490.0,25.0,420106596,41680896,187039744,589824
7463315.0,4547205.0,248100707.0,187691225.0,83692967.0,5614.0,9.0,419741389,41746432,332201984,3080192
7463315.0,4547205.0,248100707.0,187691225.0,83692967.0,5614.0,9.0,419741389,41746432,332201984,3080192
5020429.0,2779525.0,159940928.0,119181893.0,55259097.0,3429.0,30.0,420116840,41549824,191627264,5701632
5020429.0,2779525.0,159940928.0,119181893.0,55259097.0,3429.0,30.0,420116840,41549824,191627264,5701632
4978325.0,3491684.0,166869547.0,125495924.0,55802177.0,3815.0,13.0,419953373,41615360,190447616,0
4978325.0,3491684.0,166869547.0,125495924.0,55802177.0,3815.0,13.0,419953373,41615360,190447616,0
4983852.0,3058420.0,151071554.0,117776625.0,54349896.0,2233.0,15.0,419822809,41615360,195624960,655360
4983852.0,3058420.0,151071554.0,117776625.0,54349896.0,2233.0,15.0,419822809,41615360,195624960,655360
5517702.0,3159327.0,184174217.0,142315048.0,64272829.0,5397.0,35.0,420079758,41615360,218300416,0
5517702.0,3159327.0,184174217.0,142315048.0,64272829.0,5397.0,35.0,420079758,41615360,218300416,0
4715307.0,3066770.0,152644077.0,116403423.0,53448532.0,3052.0,20.0,420017710,41549824,175243264,9043968
4715307.0,3066770.0,152644077.0,116403423.0,53448532.0,3052.0,20.0,420017710,41549824,175243264,9043968
6263989.0,3842068.0,199988117.0,152499071.0,67847337.0,6039.0,22.0,420019560,41680896,230555648,0
6263989.0,3842068.0,199988117.0,152499071.0,67847337.0,6039.0,22.0,420019560,41680896,230555648,0
7143259.0,3962996.0,222915729.0,169553660.0,76391080.0,3865.0,16.0,419886024,41746432,265945088,4063232
7143259.0,3962996.0,222915729.0,169553660.0,76391080.0,3865.0,16.0,419886024,41746432,265945088,4063232
7044348.0,4135743.0,234293977.0,178585469.0,79909976.0,5485.0,8.0,420009814,41549824,279904256,5111808
7044348.0,4135743.0,234293977.0,178585469.0,79909976.0,5485.0,8.0,420009814,41549824,279904256,5111808
5256983.0,3237746.0,171571134.0,128236495.0,60166073.0,4235.0,22.0,419923861,41615360,224198656,1179648
5256983.0,3237746.0,171571134.0,128236495.0,60166073.0,4235.0,22.0,419923861,41615360,224198656,1179648
6804468.0,4184125.0,227765505.0,173624858.0,79445175.0,6797.0,16.0,420044975,41680896,266207232,327680
6804468.0,4184125.0,227765505.0,173624858.0,79445175.0,6797.0,16.0,420044975,41680896,266207232,327680
6540395.0,4234297.0,212240099.0,159840838.0,69388698.0,6284.0,14.0,419906297,41549824,253427712,1769472
6540395.0,4234297.0,212240099.0,159840838.0,69388698.0,6284.0,14.0,419906297,41549824,253427712,1769472
6244320.0,3738923.0,199623081.0,153316499.0,70348586.0,4851.0,24.0,419801768,41615360,255197184,1769472
6244320.0,3738923.0,199623081.0,153316499.0,70348586.0,4851.0,24.0,419801768,41615360,255197184,1769472
6760993.0,4342588.0,227219943.0,174378521.0,78113314.0,4504.0,22.0,419970937,41549824,272302080,2686976
6760993.0,4342588.0,227219943.0,174378521.0,78113314.0,4504.0,22.0,419970937,41549824,272302080,2686976
8435042.0,4864795.0,275623285.0,206588638.0,90514988.0,10204.0,24.0,419964033,41549824,325844992,1703936
8435042.0,4864795.0,275623285.0,206588638.0,90514988.0,10204.0,24.0,419964033,41549824,325844992,1703936
8008624.0,5182887.0,251927875.0,192698964.0,84715987.0,5643.0,32.0,420104531,41549824,310575104,3538944
8008624.0,5182887.0,251927875.0,192698964.0,84715987.0,5643.0,32.0,420104531,41549824,310575104,3538944
4928795.0,3026991.0,174688971.0,134867334.0,61037413.0,3001.0,16.0,419879080,41615360,201719808,3604480
4928795.0,3026991.0,174688971.0,134867334.0,61037413.0,3001.0,16.0,419879080,41615360,201719808,3604480
5622513.0,3503489.0,175797729.0,134947357.0,61960478.0,3737.0,13.0,419776933,41418752,203096064,524288
5622513.0,3503489.0,175797729.0,134947357.0,61960478.0,3737.0,13.0,419776933,41418752,203096064,524288
5621657.0,3244264.0,195316413.0,147205190.0,65964867.0,4582.0,17.0,419916632,41615360,220987392,2097152
5621657.0,3244264.0,195316413.0,147205190.0,65964867.0,4582.0,17.0,419916632,41615360,220987392,2097152
4708189.0,2626993.0,148262365.0,114636383.0,52522533.0,2595.0,21.0,420191693,41484288,175046656,3866624
4708189.0,2626993.0,148262365.0,114636383.0,52522533.0,2595.0,21.0,420191693,41484288,175046656,3866624
5717328.0,3361102.0,200729355.0,152727420.0,67790057.0,5246.0,26.0,419999512,41549824,233242624,1900544
5717328.0,3361102.0,200729355.0,152727420.0,67790057.0,5246.0,26.0,419999512,41549824,233242624,1900544
7226036.0,4898817.0,249131076.0,192086585.0,86097658.0,5709.0,31.0,420009150,41353216,305856512,786432
7226036.0,4898817.0,249131076.0,192086585.0,86097658.0,5709.0,31.0,420009150,41353216,305856512,786432
6715689.0,3959260.0,226730607.0,179429538.0,83065394.0,6090.0,11.0,419971367,41549824,272236544,1507328
6715689.0,3959260.0,226730607.0,179429538.0,83065394.0,6090.0,11.0,419971367,41549824,272236544,1507328
4641785.0,2709421.0,144011092.0,114493275.0,52761025.0,2292.0,16.0,419981835,41418752,177143808,458752
4641785.0,2709421.0,144011092.0,114493275.0,52761025.0,2292.0,16.0,419981835,41418752,177143808,458752
4919711.0,2982652.0,161497538.0,125450463.0,57742002.0,3131.0,13.0,419942950,41615360,217972736,1769472
4919711.0,2982652.0,161497538.0,125450463.0,57742002.0,3131.0,13.0,419942950,41615360,217972736,1769472
6623920.0,4257579.0,220455198.0,168535373.0,76052163.0,4928.0,29.0,419942727,41615360,261881856,3276800
6623920.0,4257579.0,220455198.0,168535373.0,76052163.0,4928.0,29.0,419942727,41615360,261881856,3276800
5956919.0,3309245.0,176748152.0,137442552.0,60907896.0,3671.0,9.0,419797573,41615360,228327424,65536
5956919.0,3309245.0,176748152.0,137442552.0,60907896.0,3671.0,9.0,419797573,41615360,228327424,65536
4100650.0,2377595.0,142083392.0,110958624.0,49756355.0,3515.0,22.0,420003458,34865152,190382080,1572864
4100650.0,2377595.0,142083392.0,110958624.0,49756355.0,3515.0,22.0,420003458,34865152,190382080,1572864
5874375.0,3636688.0,201891442.0,156059413.0,70915164.0,3927.0,10.0,419740299,41287680,245563392,1900544
5874375.0,3636688.0,201891442.0,156059413.0,70915164.0,3927.0,10.0,419740299,41287680,245563392,1900544
5854139.0,3205220.0,163294333.0,128068085.0,58786479.0,2540.0,23.0,420226563,41484288,222035968,3670016
5854139.0,3205220.0,163294333.0,128068085.0,58786479.0,2540.0,23.0,420226563,41484288,222035968,3670016
7809814.0,4298227.0,252703080.0,185517106.0,85022642.0,8150.0,14.0,420077448,41615360,333447168,1966080
7809814.0,4298227.0,252703080.0,185517106.0,85022642.0,8150.0,14.0,420077448,41615360,333447168,1966080
7068525.0,4757243.0,233900144.0,174770097.0,77353996.0,5204.0,20.0,419982810,41549824,268763136,3407872
7068525.0,4757243.0,233900144.0,174770097.0,77353996.0,5204.0,20.0,419982810,41549824,268763136,3407872
7649395.0,4876034.0,260860285.0,194765843.0,86679425.0,9040.0,8.0,419744169,41484288,283377664,1703936
7649395.0,4876034.0,260860285.0,194765843.0,86679425.0,9040.0,8.0,419744169,41484288,283377664,1703936
5542289.0,2995843.0,179634649.0,135286079.0,60789998.0,3778.0,7.0,420109592,41549824,204931072,2424832
5542289.0,2995843.0,179634649.0,135286079.0,60789998.0,3778.0,7.0,420109592,41549824,204931072,2424832
5417641.0,3274126.0,167210699.0,134609566.0,62946309.0,3776.0,25.0,419945883,41680896,204472320,2949120
5417641.0,3274126.0,167210699.0,134609566.0,62946309.0,3776.0,25.0,419945883,41680896,204472320,2949120
8023202.0,4500606.0,239381608.0,181764904.0,84941516.0,6087.0,15.0,419981506,41484288,265551872,9437184
8023202.0,4500606.0,239381608.0,181764904.0,84941516.0,6087.0,15.0,419981506,41484288,265551872,9437184
7153641.0,4710063.0,254928986.0,191788822.0,83407481.0,5716.0,27.0,419941732,41615360,300744704,0
7153641.0,4710063.0,254928986.0,191788822.0,83407481.0,5716.0,27.0,419941732,41615360,300744704,0
7612358.0,4642458.0,224345541.0,173147522.0,78218734.0,4625.0,14.0,420046683,41484288,279314432,3080192
7612358.0,4642458.0,224345541.0,173147522.0,78218734.0,4625.0,14.0,420046683,41484288,279314432,3080192
8475408.0,5074863.0,279321177.0,213605177.0,95033094.0,6176.0,11.0,419814020,41222144,310968320,6553600
8475408.0,5074863.0,279321177.0,213605177.0,95033094.0,6176.0,11.0,419814020,41222144,310968320,6553600
5825816.0,3492647.0,183420966.0,139929111.0,63058164.0,5636.0,24.0,420094658,41418752,221446144,393216
5825816.0,3492647.0,183420966.0,139929111.0,63058164.0,5636.0,24.0,420094658,41418752,221446144,393216
6322602.0,3765767.0,206393319.0,156757141.0,71391139.0,7214.0,9.0,419979382,41549824,251133952,0
6322602.0,3765767.0,206393319.0,156757141.0,71391139.0,7214.0,9.0,419979382,41549824,251133952,0
6255245.0,3565406.0,204392724.0,160473377.0,74386804.0,5654.0,27.0,419948025,41549824,258539520,6094848
6255245.0,3565406.0,204392724.0,160473377.0,74386804.0,5654.0,27.0,419948025,41549824,258539520,6094848
6535597.0,4081702.0,213757070.0,163119280.0,72610889.0,4670.0,16.0,419936422,41484288,287244288,0
6535597.0,4081702.0,213757070.0,163119280.0,72610889.0,4670.0,16.0,419936422,41484288,287244288,0
5855099.0,3540392.0,182942369.0,143916758.0,66197230.0,4060.0,9.0,419941607,41222144,238157824,5242880
5855099.0,3540392.0,182942369.0,143916758.0,66197230.0,4060.0,9.0,419941607,41222144,238157824,5242880
7130399.0,4494144.0,231436365.0,177066843.0,82729167.0,6094.0,42.0,419929161,41484288,288423936,0
7130399.0,4494144.0,231436365.0,177066843.0,82729167.0,6094.0,42.0,419929161,41484288,288423936,0
6138701.0,3878429.0,212750252.0,160487779.0,73577288.0,4676.0,25.0,420012738,41549824,255393792,4194304
6138701.0,3878429.0,212750252.0,160487779.0,73577288.0,4676.0,25.0,420012738,41549824,255393792,4194304
6962786.0,4025838.0,231252339.0,177020189.0,80026018.0,7139.0,32.0,420032025,41484288,278593536,1703936
6962786.0,4025838.0,231252339.0,177020189.0,80026018.0,7139.0,32.0,420032025,41484288,278593536,1703936
7085873.0,4671256.0,228297483.0,178446778.0,80716663.0,6904.0,18.0,419889708,41549824,273154048,0
7085873.0,4671256.0,228297483.0,178446778.0,80716663.0,6904.0,18.0,419889708,41549824,273154048,0
6241785.0,3685180.0,212684682.0,163537213.0,72096725.0,5229.0,9.0,419911268,41549824,265486336,8257536
6241785.0,3685180.0,212684682.0,163537213.0,72096725.0,5229.0,9.0,419911268,41549824,265486336,8257536
8863068.0,5577586.0,284605176.0,221807318.0,100452090.0,10457.0,7.0,419920571,41680896,388956160,0
8863068.0,5577586.0,284605176.0,221807318.0,100452090.0,10457.0,7.0,419920571,41680896,388956160,0
6861043.0,4344098.0,216718576.0,167351434.0,78164272.0,5049.0,14.0,419954594,41615360,294387712,786432
6861043.0,4344098.0,216718576.0,167351434.0,78164272.0,5049.0,14.0,419954594,41615360,294387712,786432
4518077.0,2899528.0,142681959.0,124396485.0,58654223.0,1658.0,22.0,419729006,41484288,222625792,1966080
4518077.0,2899528.0,142681959.0,124396485.0,58654223.0,1658.0,22.0,419729006,41484288,222625792,1966080
6815321.0,4371525.0,225087413.0,169508520.0,76186501.0,5446.0,14.0,420094276,41484288,275644416,2621440
6815321.0,4371525.0,225087413.0,169508520.0,76186501.0,5446.0,14.0,420094276,41484288,275644416,2621440
5024223.0,2846246.0,146794787.0,116856257.0,55983056.0,3322.0,13.0,419853126,41484288,181927936,6029312
5024223.0,2846246.0,146794787.0,116856257.0,55983056.0,3322.0,13.0,419853126,41484288,181927936,6029312
6346550.0,4061517.0,215583373.0,168271119.0,77376171.0,5327.0,26.0,420066765,41549824,296878080,589824
6346550.0,4061517.0,215583373.0,168271119.0,77376171.0,5327.0,26.0,420066765,41549824,296878080,589824
6374480.0,3975227.0,210481885.0,158746222.0,73116916.0,4817.0,11.0,420091967,41615360,263061504,3670016
6374480.0,3975227.0,210481885.0,158746222.0,73116916.0,4817.0,11.0,420091967,41615360,263061504,3670016
7426275.0,4274221.0,238865112.0,184362301.0,84245304.0,3175.0,10.0,419759368,41615360,309919744,2424832
7426275.0,4274221.0,238865112.0,184362301.0,84245304.0,3175.0,10.0,419759368,41615360,309919744,2424832
6062171.0,3664238.0,196152222.0,148496199.0,68779927.0,4235.0,27.0,420077315,41549824,242810880,131072
6062171.0,3664238.0,196152222.0,148496199.0,68779927.0,4235.0,27.0,420077315,41549824,242810880,131072
4278214.0,2501936.0,140667383.0,113163493.0,53702341.0,2028.0,13.0,419763106,41484288,163250176,4718592
4278214.0,2501936.0,140667383.0,113163493.0,53702341.0,2028.0,13.0,419763106,41484288,163250176,4718592
7953481.0,4321006.0,243078391.0,188909420.0,87884302.0,4460.0,14.0,420108759,41615360,293076992,0
7953481.0,4321006.0,243078391.0,188909420.0,87884302.0,4460.0,14.0,420108759,41615360,293076992,0
6674652.0,3553635.0,200735740.0,162589234.0,76940670.0,5353.0,9.0,419912988,41615360,271450112,2752512
6674652.0,3553635.0,200735740.0,162589234.0,76940670.0,5353.0,9.0,419912988,41615360,271450112,2752512
5459844.0,3482219.0,177320108.0,136653284.0,61382870.0,3138.0,8.0,419986350,41615360,238419968,589824
5459844.0,3482219.0,177320108.0,136653284.0,61382870.0,3138.0,8.0,419986350,41615360,238419968,589824
7841573.0,4511489.0,255437190.0,195392299.0,88942080.0,6316.0,32.0,419908977,41549824,272367616,4849664
7841573.0,4511489.0,255437190.0,195392299.0,88942080.0,6316.0,32.0,419908977,41549824,272367616,4849664
6229429.0,4133549.0,214465376.0,163163415.0,72298730.0,3859.0,18.0,419973145,41615360,269811712,2621440
6229429.0,4133549.0,214465376.0,163163415.0,72298730.0,3859.0,18.0,419973145,41615360,269811712,2621440
6572990.0,3552298.0,214042957.0,165585070.0,75323937.0,4784.0,21.0,419947213,41549824,275447808,0
6572990.0,3552298.0,214042957.0,165585070.0,75323937.0,4784.0,21.0,419947213,41549824,275447808,0
6433332.0,4252786.0,215362418.0,164308165.0,74318893.0,8072.0,10.0,419938722,41680896,279052288,2883584
6433332.0,4252786.0,215362418.0,164308165.0,74318893.0,8072.0,10.0,419938722,41680896,279052288,2883584
5639278.0,3724250.0,198035480.0,153217245.0,69538778.0,5332.0,21.0,419890408,41615360,253165568,2621440
5639278.0,3724250.0,198035480.0,153217245.0,69538778.0,5332.0,21.0,419890408,41615360,253165568,2621440
6431126.0,4002309.0,199335379.0,155617472.0,72822362.0,4486.0,17.0,419898731,41549824,275185664,3801088
6431126.0,4002309.0,199335379.0,155617472.0,72822362.0,4486.0,17.0,419898731,41549824,275185664,3801088
5053808.0,2973631.0,178936437.0,136828124.0,63787275.0,5909.0,11.0,419919787,41549824,209387520,5242880
5053808.0,2973631.0,178936437.0,136828124.0,63787275.0,5909.0,11.0,419919787,41549824,209387520,5242880
5685632.0,3656688.0,179897413.0,141314811.0,66647429.0,4170.0,6.0,420054880,41615360,182779904,0
5685632.0,3656688.0,179897413.0,141314811.0,66647429.0,4170.0,6.0,420054880,41615360,182779904,0
6432836.0,3720013.0,207096396.0,161645576.0,72864765.0,5160.0,12.0,420016859,41549824,227540992,2883584
6432836.0,3720013.0,207096396.0,161645576.0,72864765.0,5160.0,12.0,420016859,41549824,227540992,2883584
5515865.0,3167195.0,176801895.0,137118082.0,62210050.0,6286.0,13.0,419984793,41615360,194445312,3145728
5515865.0,3167195.0,176801895.0,137118082.0,62210050.0,6286.0,13.0,419984793,41615360,194445312,3145728
6156529.0,3750793.0,204537334.0,157418676.0,70166079.0,5992.0,12.0,419898531,41484288,204406784,196608
6156529.0,3750793.0,204537334.0,157418676.0,70166079.0,5992.0,12.0,419898531,41484288,204406784,196608
7547491.0,4550363.0,234515595.0,180804659.0,81315622.0,6515.0,15.0,420046442,41549824,270729216,5963776
7547491.0,4550363.0,234515595.0,180804659.0,81315622.0,6515.0,15.0,420046442,41549824,270729216,5963776
6948678.0,4104607.0,215466730.0,162681497.0,71401196.0,4771.0,21.0,419852065,41156608,214761472,0
6948678.0,4104607.0,215466730.0,162681497.0,71401196.0,4771.0,21.0,419852065,41156608,214761472,0
5334527.0,3113340.0,177781568.0,133624697.0,61181231.0,3506.0,18.0,419938600,41549824,205258752,6815744
5334527.0,3113340.0,177781568.0,133624697.0,61181231.0,3506.0,18.0,419938600,41549824,205258752,6815744
5741534.0,3997131.0,218582475.0,162690669.0,71522687.0,5753.0,9.0,419950139,41615360,233570304,0
5741534.0,3997131.0,218582475.0,162690669.0,71522687.0,5753.0,9.0,419950139,41615360,233570304,0
7660554.0,4268532.0,224160279.0,177637084.0,82738903.0,5254.0,9.0,419815203,41484288,267714560,2097152
7660554.0,4268532.0,224160279.0,177637084.0,82738903.0,5254.0,9.0,419815203,41484288,267714560,2097152
5148332.0,3394103.0,169944737.0,131500907.0,57854356.0,3320.0,21.0,420042802,41549824,192544768,2031616
5148332.0,3394103.0,169944737.0,131500907.0,57854356.0,3320.0,21.0,420042802,41549824,192544768,2031616
4958314.0,2734826.0,151815912.0,115969142.0,52177686.0,3186.0,18.0,419858666,41615360,163053568,0
4958314.0,2734826.0,151815912.0,115969142.0,52177686.0,3186.0,18.0,419858666,41615360,163053568,0
4375335.0,2696944.0,151117083.0,117836278.0,53712355.0,1814.0,23.0,419990232,41615360,167641088,1245184
4375335.0,2696944.0,151117083.0,117836278.0,53712355.0,1814.0,23.0,419990232,41615360,167641088,1245184
7690377.0,4336871.0,240519743.0,181393329.0,80530855.0,6312.0,7.0,419980911,41549824,255983616,2621440
7690377.0,4336871.0,240519743.0,181393329.0,80530855.0,6312.0,7.0,419980911,41549824,255983616,2621440
4898850.0,3123137.0,176604679.0,137226078.0,62778295.0,2246.0,17.0,419975647,41484288,227475456,2621440
4898850.0,3123137.0,176604679.0,137226078.0,62778295.0,2246.0,17.0,419975647,41484288,227475456,2621440
5777472.0,3633259.0,189002481.0,145140414.0,65848211.0,5265.0,21.0,419951658,41484288,247267328,9306112
5777472.0,3633259.0,189002481.0,145140414.0,65848211.0,5265.0,21.0,419951658,41484288,247267328,9306112
8437313.0,5266434.0,290809198.0,219189154.0,98177715.0,10459.0,12.0,419931631,41484288,355663872,0
8437313.0,5266434.0,290809198.0,219189154.0,98177715.0,10459.0,12.0,419931631,41484288,355663872,0
4583840.0,2740467.0,158161871.0,120082304.0,52921083.0,4110.0,13.0,419757324,41484288,209649664,3211264
4583840.0,2740467.0,158161871.0,120082304.0,52921083.0,4110.0,13.0,419757324,41484288,209649664,3211264
6839221.0,4362587.0,220632150.0,170727510.0,76658069.0,5841.0,17.0,420089488,41484288,291635200,1966080
6839221.0,4362587.0,220632150.0,170727510.0,76658069.0,5841.0,17.0,420089488,41484288,291635200,1966080
6948739.0,4165113.0,204264714.0,156636994.0,72461193.0,7280.0,20.0,419914908,41418752,251068416,1179648
6948739.0,4165113.0,204264714.0,156636994.0,72461193.0,7280.0,20.0,419914908,41418752,251068416,1179648
6791262.0,3485210.0,212471064.0,159844868.0,70401431.0,5768.0,27.0,419750541,41549824,234422272,6815744
6791262.0,3485210.0,212471064.0,159844868.0,70401431.0,5768.0,27.0,419750541,41549824,234422272,6815744
4926111.0,3265960.0,176514834.0,132293394.0,59759478.0,4064.0,18.0,419906193,41418752,207683584,6422528
4926111.0,3265960.0,176514834.0,132293394.0,59759478.0,4064.0,18.0,419906193,41418752,207683584,6422528
6728156.0,4063111.0,211885582.0,162079843.0,73296716.0,4536.0,9.0,420127624,41484288,273219584,0
6728156.0,4063111.0,211885582.0,162079843.0,73296716.0,4536.0,9.0,420127624,41484288,273219584,0
6385372.0,4059779.0,204950573.0,154947992.0,70638038.0,3468.0,32.0,419963985,41418752,250085376,1572864
6385372.0,4059779.0,204950573.0,154947992.0,70638038.0,3468.0,32.0,419963985,41418752,250085376,1572864
5982578.0,3262378.0,177424487.0,134198435.0,60994629.0,5404.0,14.0,419859006,41549824,218562560,1310720
5982578.0,3262378.0,177424487.0,134198435.0,60994629.0,5404.0,14.0,419859006,41549824,218562560,1310720
7292470.0,4658837.0,251215527.0,191469199.0,86854872.0,5220.0,20.0,419905115,41418752,312016896,5832704
7292470.0,4658837.0,251215527.0,191469199.0,86854872.0,5220.0,20.0,419905115,41418752,312016896,5832704
5846797.0,3761426.0,189101252.0,147682122.0,64814382.0,4122.0,28.0,419992398,41353216,232390656,0
5846797.0,3761426.0,189101252.0,147682122.0,64814382.0,4122.0,28.0,419992398,41353216,232390656,0
6545976.0,3813904.0,208874881.0,158381989.0,72325814.0,5164.0,13.0,420019887,41549824,280297472,4456448
6545976.0,3813904.0,208874881.0,158381989.0,72325814.0,5164.0,13.0,420019887,41549824,280297472,4456448
5253910.0,3660026.0,186585273.0,142192346.0,63769150.0,3632.0,6.0,419910939,41287680,241565696,3276800
5253910.0,3660026.0,186585273.0,142192346.0,63769150.0,3632.0,6.0,419910939,41287680,241565696,3276800
6974430.0,4115417.0,235789146.0,182216164.0,81428265.0,7329.0,20.0,419749862,41484288,286326784,0
6974430.0,4115417.0,235789146.0,182216164.0,81428265.0,7329.0,20.0,419749862,41484288,286326784,0
7257709.0,4461157.0,232499896.0,177892105.0,80535693.0,4838.0,6.0,420012054,41418752,281018368,3211264
7257709.0,4461157.0,232499896.0,177892105.0,80535693.0,4838.0,6.0,420012054,41418752,281018368,3211264
6139032.0,3611301.0,198762475.0,156362073.0,71767694.0,3533.0,34.0,419980825,41549824,223674368,983040
6139032.0,3611301.0,198762475.0,156362073.0,71767694.0,3533.0,34.0,419980825,41549824,223674368,983040
6684631.0,3782333.0,233474095.0,176134746.0,79362624.0,4874.0,26.0,419950477,41615360,279838720,7667712
6684631.0,3782333.0,233474095.0,176134746.0,79362624.0,4874.0,26.0,419950477,41615360,279838720,7667712
5136136.0,3013688.0,151651776.0,122466087.0,56477941.0,3794.0,17.0,419827749,41484288,192806912,0
5136136.0,3013688.0,151651776.0,122466087.0,56477941.0,3794.0,17.0,419827749,41484288,192806912,0
5823355.0,3537250.0,199067550.0,151460341.0,70600509.0,5100.0,9.0,420031327,41549824,217579520,7995392
5823355.0,3537250.0,199067550.0,151460341.0,70600509.0,5100.0,9.0,420031327,41549824,217579520,7995392
5509362.0,2956804.0,167304646.0,125830295.0,57485092.0,2568.0,9.0,419949152,41418752,185335808,851968
5509362.0,2956804.0,167304646.0,125830295.0,57485092.0,2568.0,9.0,419949152,41418752,185335808,851968
4907928.0,3013896.0,159338380.0,120552158.0,54583501.0,2895.0,23.0,419998033,41353216,195559424,0
4907928.0,3013896.0,159338380.0,120552158.0,54583501.0,2895.0,23.0,419998033,41353216,195559424,0
7328511.0,4259777.0,239772689.0,188501116.0,86619972.0,4511.0,8.0,419939352,41615360,332333056,6029312
7328511.0,4259777.0,239772689.0,188501116.0,86619972.0,4511.0,8.0,419939352,41615360,332333056,6029312
7088759.0,4383474.0,248848230.0,191533065.0,84359836.0,4865.0,8.0,419921635,41615360,292093952,0
7088759.0,4383474.0,248848230.0,191533065.0,84359836.0,4865.0,8.0,419921635,41615360,292093952,0
6302842.0,4080968.0,187095687.0,144720632.0,64925966.0,3186.0,18.0,419908932,41418752,261554176,983040
6302842.0,4080968.0,187095687.0,144720632.0,64925966.0,3186.0,18.0,419908932,41418752,261554176,983040
5782795.0,3082367.0,181852470.0,135795699.0,61978738.0,4876.0,17.0,419938506,41484288,237371392,1114112
5782795.0,3082367.0,181852470.0,135795699.0,61978738.0,4876.0,17.0,419938506,41484288,237371392,1114112
5610573.0,3378453.0,175606611.0,133525537.0,60965026.0,2663.0,32.0,420017472,41484288,243335168,2424832
5610573.0,3378453.0,175606611.0,133525537.0,60965026.0,2663.0,32.0,420017472,41484288,243335168,2424832
8099442.0,4809005.0,256295362.0,193549033.0,84732041.0,5638.0,18.0,419967834,41418752,308543488,9371648
8099442.0,4809005.0,256295362.0,193549033.0,84732041.0,5638.0,18.0,419967834,41418752,308543488,9371648
8029561.0,4573696.0,235437444.0,180550533.0,82733341.0,6326.0,16.0,419911800,41287680,317915136,0
8029561.0,4573696.0,235437444.0,180550533.0,82733341.0,6326.0,16.0,419911800,41287680,317915136,0
4334508.0,2497983.0,140458753.0,104729974.0,47705151.0,2077.0,24.0,419927751,41287680,178257920,1310720
4334508.0,2497983.0,140458753.0,104729974.0,47705151.0,2077.0,24.0,419927751,41287680,178257920,1310720
6995029.0,4286291.0,217237511.0,167943244.0,76524351.0,6784.0,17.0,420020529,41484288,287899648,2752512
6995029.0,4286291.0,217237511.0,167943244.0,76524351.0,6784.0,17.0,420020529,41484288,287899648,2752512
4710058.0,3190616.0,169768542.0,130817540.0,59572327.0,2459.0,23.0,419860125,41484288,211943424,0
4710058.0,3190616.0,169768542.0,130817540.0,59572327.0,2459.0,23.0,419860125,41484288,211943424,0
6515761.0,3974886.0,199253969.0,149279111.0,67489265.0,2617.0,10.0,419992177,41091072,243531776,4587520
6515761.0,3974886.0,199253969.0,149279111.0,67489265.0,2617.0,10.0,419992177,41091072,243531776,4587520
3809109.0,2633031.0,127312389.0,102302527.0,45836219.0,1745.0,17.0,419921544,41484288,151715840,0
3809109.0,2633031.0,127312389.0,102302527.0,45836219.0,1745.0,17.0,419921544,41484288,151715840,0
7236161.0,4415526.0,234180119.0,178662708.0,80742795.0,4435.0,28.0,419935364,41418752,251396096,131072
7236161.0,4415526.0,234180119.0,178662708.0,80742795.0,4435.0,28.0,419935364,41418752,251396096,131072
7176190.0,4110867.0,238095815.0,184373466.0,83712928.0,3204.0,17.0,419959951,41484288,304611328,7012352
7176190.0,4110867.0,238095815.0,184373466.0,83712928.0,3204.0,17.0,419959951,41484288,304611328,7012352
5725155.0,3706425.0,189689335.0,143309734.0,66234772.0,1980.0,28.0,419777033,41549824,250019840,1310720
5725155.0,3706425.0,189689335.0,143309734.0,66234772.0,1980.0,28.0,419777033,41549824,250019840,1310720
5139381.0,3213955.0,155970671.0,120443696.0,55391196.0,1531.0,23.0,420092914,41615360,211222528,0
5139381.0,3213955.0,155970671.0,120443696.0,55391196.0,1531.0,23.0,420092914,41615360,211222528,0
5309914.0,2815205.0,164931212.0,132446456.0,62180454.0,2784.0,17.0,419865533,41549824,226951168,0
5309914.0,2815205.0,164931212.0,132446456.0,62180454.0,2784.0,17.0,419865533,41549824,226951168,0
6934758.0,4399987.0,192484953.0,145094164.0,64256725.0,4558.0,14.0,419952329,41615360,257949696,917504
6934758.0,4399987.0,192484953.0,145094164.0,64256725.0,4558.0,14.0,419952329,41615360,257949696,917504
7449726.0,3989434.0,226812236.0,177154534.0,80377974.0,7421.0,22.0,420077383,41615360,267124736,3080192
7449726.0,3989434.0,226812236.0,177154534.0,80377974.0,7421.0,22.0,420077383,41615360,267124736,3080192
7098641.0,3630260.0,221562867.0,169547966.0,73506483.0,5512.0,23.0,419941368,41484288,238813184,1769472
7098641.0,3630260.0,221562867.0,169547966.0,73506483.0,5512.0,23.0,419941368,41484288,238813184,1769472
4527347.0,3625174.0,163254168.0,117430887.0,51261697.0,3925.0,20.0,419993665,41287680,177209344,1310720
4527347.0,3625174.0,163254168.0,117430887.0,51261697.0,3925.0,20.0,419993665,41287680,177209344,1310720
5540436.0,3023293.0,170717629.0,127655367.0,56924683.0,3679.0,26.0,419866930,41353216,193200128,917504
5540436.0,3023293.0,170717629.0,127655367.0,56924683.0,3679.0,26.0,419866930,41353216,193200128,917504
6897026.0,3957442.0,231737726.0,168979132.0,73282372.0,6794.0,20.0,419926225,41484288,226099200,2424832
6897026.0,3957442.0,231737726.0,168979132.0,73282372.0,6794.0,20.0,419926225,41484288,226099200,2424832
7069364.0,4509252.0,233504545.0,176284039.0,79957011.0,5029.0,18.0,419938122,41549824,277872640,2031616
7069364.0,4509252.0,233504545.0,176284039.0,79957011.0,5029.0,18.0,419938122,41549824,277872640,2031616
7583154.0,4607966.0,257142957.0,188865869.0,84636337.0,8711.0,20.0,419905617,41615360,295305216,10158080
7583154.0,4607966.0,257142957.0,188865869.0,84636337.0,8711.0,20.0,419905617,41615360,295305216,10158080
7178471.0,4229109.0,224901543.0,167097195.0,74753944.0,6484.0,26.0,419762559,41549824,283049984,0
7178471.0,4229109.0,224901543.0,167097195.0,74753944.0,6484.0,26.0,419762559,41549824,283049984,0
6777363.0,3518109.0,204599103.0,155530303.0,68178589.0,4564.0,15.0,420099102,41549824,256245760,0
6777363.0,3518109.0,204599103.0,155530303.0,68178589.0,4564.0,15.0,420099102,41549824,256245760,0
6437282.0,4672247.0,233561018.0,181130837.0,80474283.0,6080.0,21.0,419992832,41615360,279117824,3407872
6437282.0,4672247.0,233561018.0,181130837.0,80474283.0,6080.0,21.0,419992832,41615360,279117824,3407872
5205232.0,3201026.0,165104987.0,127780057.0,58505480.0,5802.0,9.0,420046655,41680896,185663488,3014656
5205232.0,3201026.0,165104987.0,127780057.0,58505480.0,5802.0,9.0,420046655,41680896,185663488,3014656
6667526.0,3632146.0,229478547.0,173561822.0,77796858.0,4780.0,17.0,419930784,41418752,231604224,7012352
6667526.0,3632146.0,229478547.0,173561822.0,77796858.0,4780.0,17.0,419930784,41418752,231604224,7012352
6872391.0,4303324.0,238911323.0,176061235.0,76814963.0,6484.0,24.0,419925422,41549824,256901120,0
6872391.0,4303324.0,238911323.0,176061235.0,76814963.0,6484.0,24.0,419925422,41549824,256901120,0
6453451.0,3919329.0,206706979.0,156863085.0,69548677.0,5852.0,11.0,419917233,41484288,204275712,2949120
6453451.0,3919329.0,206706979.0,156863085.0,69548677.0,5852.0,11.0,419917233,41484288,204275712,2949120
8100581.0,4669411.0,248173092.0,187063406.0,84956601.0,8371.0,14.0,419925358,41353216,268107776,4194304
8100581.0,4669411.0,248173092.0,187063406.0,84956601.0,8371.0,14.0,419925358,41353216,268107776,4194304
7684456.0,4816017.0,268725428.0,200858885.0,87686374.0,6080.0,10.0,419909747,41484288,255197184,2686976
7684456.0,4816017.0,268725428.0,200858885.0,87686374.0,6080.0,10.0,419909747,41484288,255197184,2686976
6135433.0,3381434.0,211603646.0,158952926.0,69014969.0,4437.0,17.0,420029064,41418752,214695936,4128768
6135433.0,3381434.0,211603646.0,158952926.0,69014969.0,4437.0,17.0,420029064,41418752,214695936,4128768
6682532.0,4649770.0,238304125.0,178364237.0,80291239.0,8158.0,30.0,419909527,41549824,269877248,0
6682532.0,4649770.0,238304125.0,178364237.0,80291239.0,8158.0,30.0,419909527,41549824,269877248,0
5344455.0,2927624.0,170969899.0,134605353.0,61521726.0,4173.0,17.0,419977442,41484288,226623488,2490368
5344455.0,2927624.0,170969899.0,134605353.0,61521726.0,4173.0,17.0,419977442,41484288,226623488,2490368
6504648.0,3693441.0,206093016.0,157516092.0,69385088.0,5841.0,19.0,419935016,41484288,251330560,524288
6504648.0,3693441.0,206093016.0,157516092.0,69385088.0,5841.0,19.0,419935016,41484288,251330560,524288
4085073.0,2431337.0,132342042.0,103477259.0,46914505.0,3633.0,13.0,419970614,41287680,167116800,655360
4085073.0,2431337.0,132342042.0,103477259.0,46914505.0,3633.0,13.0,419970614,41287680,167116800,655360
7950820.0,4301272.0,246791523.0,186967499.0,84798212.0,5974.0,23.0,419963502,41484288,292945920,1703936
7950820.0,4301272.0,246791523.0,186967499.0,84798212.0,5974.0,23.0,419963502,41484288,292945920,1703936
4871819.0,2557551.0,158180829.0,121383750.0,53915606.0,4612.0,18.0,419923586,41222144,182059008,1638400
4871819.0,2557551.0,158180829.0,121383750.0,53915606.0,4612.0,18.0,419923586,41222144,182059008,1638400
4923231.0,3109231.0,148722558.0,113388943.0,50519690.0,4221.0,12.0,419981463,41418752,183894016,917504
4923231.0,3109231.0,148722558.0,113388943.0,50519690.0,4221.0,12.0,419981463,41418752,183894016,917504
8081236.0,4986561.0,261795151.0,200629406.0,94637379.0,5595.0,9.0,419837988,34144256,310902784,6815744
8081236.0,4986561.0,261795151.0,200629406.0,94637379.0,5595.0,9.0,419837988,34144256,310902784,6815744
5345303.0,3825516.0,182176564.0,140684609.0,62661251.0,3300.0,0.0,419646789,32571392,317194240,0
5345303.0,3825516.0,182176564.0,140684609.0,62661251.0,3300.0,0.0,419646789,32571392,317194240,0
6300787.0,4426141.0,213608638.0,155105675.0,67464019.0,6330.0,13.0,419911584,41091072,324993024,983040
6300787.0,4426141.0,213608638.0,155105675.0,67464019.0,6330.0,13.0,419911584,41091072,324993024,983040
8183323.0,5002635.0,261304189.0,196662360.0,85864438.0,5590.0,17.0,420081309,41287680,340393984,4849664
8183323.0,5002635.0,261304189.0,196662360.0,85864438.0,5590.0,17.0,420081309,41287680,340393984,4849664
7272238.0,4106775.0,233074322.0,173495929.0,78770995.0,5671.0,24.0,419906221,41549824,287375360,7536640
7272238.0,4106775.0,233074322.0,173495929.0,78770995.0,5671.0,24.0,419906221,41549824,287375360,7536640
8078272.0,4807811.0,263998061.0,195812294.0,85839218.0,8288.0,13.0,419769671,41549824,303104000,0
8078272.0,4807811.0,263998061.0,195812294.0,85839218.0,8288.0,13.0,419769671,41549824,303104000,0
6952491.0,4135872.0,224518992.0,168880551.0,77353943.0,5083.0,10.0,420092065,41549824,300548096,5177344
6952491.0,4135872.0,224518992.0,168880551.0,77353943.0,5083.0,10.0,420092065,41549824,300548096,5177344
6395321.0,3651038.0,214222585.0,161236529.0,70988888.0,5229.0,11.0,419975430,41418752,263389184,0
6395321.0,3651038.0,214222585.0,161236529.0,70988888.0,5229.0,11.0,419975430,41418752,263389184,0
5252764.0,3305898.0,184632393.0,137596743.0,60506966.0,4159.0,12.0,419883268,41484288,241238016,7929856
5252764.0,3305898.0,184632393.0,137596743.0,60506966.0,4159.0,12.0,419883268,41484288,241238016,7929856
6859234.0,4071158.0,235710354.0,173403421.0,75570943.0,7051.0,32.0,419915194,41418752,255721472,0
6859234.0,4071158.0,235710354.0,173403421.0,75570943.0,7051.0,32.0,419915194,41418752,255721472,0
7966517.0,5252179.0,280437646.0,209454753.0,90867407.0,8741.0,16.0,420008445,41615360,340852736,0
7966517.0,5252179.0,280437646.0,209454753.0,90867407.0,8741.0,16.0,420008445,41615360,340852736,0
6258409.0,3819987.0,217054381.0,157893212.0,66932418.0,3141.0,18.0,419859396,41615360,232980480,196608
6258409.0,3819987.0,217054381.0,157893212.0,66932418.0,3141.0,18.0,419859396,41615360,232980480,196608
6399798.0,3441652.0,205968945.0,148812403.0,65740553.0,8469.0,10.0,420004585,41484288,202571776,1376256
6399798.0,3441652.0,205968945.0,148812403.0,65740553.0,8469.0,10.0,420004585,41484288,202571776,1376256
6100060.0,3661499.0,203964157.0,156030076.0,69449914.0,4260.0,14.0,419920095,41615360,238747648,2621440
6100060.0,3661499.0,203964157.0,156030076.0,69449914.0,4260.0,14.0,419920095,41615360,238747648,2621440
7021211.0,4111533.0,227946771.0,163082772.0,71260268.0,6597.0,24.0,419939926,41222144,266141696,3538944
7021211.0,4111533.0,227946771.0,163082772.0,71260268.0,6597.0,24.0,419939926,41222144,266141696,3538944
6364855.0,3763481.0,213055584.0,159864482.0,70353145.0,4607.0,15.0,419946205,41353216,302514176,0
6364855.0,3763481.0,213055584.0,159864482.0,70353145.0,4607.0,15.0,419946205,41353216,302514176,0
6421156.0,3855079.0,212119641.0,156279027.0,69862180.0,4058.0,15.0,420060858,41549824,297074688,1900544
6421156.0,3855079.0,212119641.0,156279027.0,69862180.0,4058.0,15.0,420060858,41549824,297074688,1900544
4300836.0,2779375.0,153743135.0,115146225.0,50131730.0,2324.0,17.0,419912649,41484288,203554816,4653056
4300836.0,2779375.0,153743135.0,115146225.0,50131730.0,2324.0,17.0,419912649,41484288,203554816,4653056
8474333.0,5242494.0,274369450.0,203717360.0,90954778.0,9258.0,14.0,419948450,41615360,366673920,2228224
8474333.0,5242494.0,274369450.0,203717360.0,90954778.0,9258.0,14.0,419948450,41615360,366673920,2228224
5310443.0,3586594.0,166227975.0,124106059.0,55763296.0,5151.0,18.0,419941732,41615360,258015232,0
5310443.0,3586594.0,166227975.0,124106059.0,55763296.0,5151.0,18.0,419941732,41615360,258015232,0
6797789.0,3886623.0,205437496.0,160914458.0,72432667.0,4674.0,9.0,420055125,41484288,330235904,3473408
6797789.0,3886623.0,205437496.0,160914458.0,72432667.0,4674.0,9.0,420055125,41484288,330235904,3473408
5429373.0,3245304.0,173122822.0,131759300.0,59665027.0,6149.0,10.0,419948802,41549824,270270464,2555904
5429373.0,3245304.0,173122822.0,131759300.0,59665027.0,6149.0,10.0,419948802,41549824,270270464,2555904
4727088.0,2619388.0,153505156.0,116194446.0,50889621.0,3026.0,5.0,419909460,41222144,196345856,0
4727088.0,2619388.0,153505156.0,116194446.0,50889621.0,3026.0,5.0,419909460,41222144,196345856,0
5500345.0,3526081.0,192572503.0,144732664.0,65250043.0,3794.0,8.0,420064941,41484288,264962048,2228224
5500345.0,3526081.0,192572503.0,144732664.0,65250043.0,3794.0,8.0,420064941,41484288,264962048,2228224
5444381.0,3181235.0,172821818.0,131247894.0,58853039.0,2111.0,12.0,419797836,41484288,232783872,851968
5444381.0,3181235.0,172821818.0,131247894.0,58853039.0,2111.0,12.0,419797836,41484288,232783872,851968
5502802.0,3010054.0,165390753.0,127532521.0,56979591.0,4342.0,22.0,420156944,41549824,214564864,1900544
5502802.0,3010054.0,165390753.0,127532521.0,56979591.0,4342.0,22.0,420156944,41549824,214564864,1900544
4890952.0,2900018.0,194121144.0,144043553.0,65807043.0,2754.0,15.0,419877171,41353216,255655936,1441792
4890952.0,2900018.0,194121144.0,144043553.0,65807043.0,2754.0,15.0,419877171,41353216,255655936,1441792
7223805.0,4640657.0,247430881.0,181910507.0,80730646.0,4438.0,9.0,420018879,41615360,320667648,4587520
7223805.0,4640657.0,247430881.0,181910507.0,80730646.0,4438.0,9.0,420018879,41615360,320667648,4587520
7278406.0,4046313.0,233338887.0,181508379.0,81612865.0,7376.0,15.0,419977838,41353216,268500992,3538944
7278406.0,4046313.0,233338887.0,181508379.0,81612865.0,7376.0,15.0,419977838,41353216,268500992,3538944
6498412.0,3124304.0,204603984.0,158601352.0,72473344.0,3695.0,11.0,419803775,41418752,247857152,4784128
6498412.0,3124304.0,204603984.0,158601352.0,72473344.0,3695.0,11.0,419803775,41418752,247857152,4784128
4926321.0,3482800.0,167033020.0,129944801.0,58843814.0,4681.0,16.0,420085079,41222144,211877888,0
4926321.0,3482800.0,167033020.0,129944801.0,58843814.0,4681.0,16.0,420085079,41222144,211877888,0
